1.000000000000000000e+00 3.809032245795204163e-01 5.783980805393775793e-01 6.375698066030260902e-01 0.000000000000000000e+00 0.000000000000000000e+00 4.429341336845438737e-01 3.441186120803078619e-01 0.000000000000000000e+00 2.685897017633659956e-01 4.608100784331680133e-01 0.000000000000000000e+00
3.809032245795204163e-01 1.000000000000000000e+00 2.306128349807766431e-01 7.384207225383080386e-01 2.256363564768546770e-01 0.000000000000000000e+00 0.000000000000000000e+00 0.000000000000000000e+00 0.000000000000000000e+00 0.000000000000000000e+00 0.000000000000000000e+00 0.000000000000000000e+00
5.783980805393775793e-01 2.306128349807766431e-01 1.000000000000000000e+00 4.260056557242632436e-01 0.000000000000000000e+00 4.893181747355708766e-01 8.837915848009159081e-01 7.633504924491453236e-01 3.534701537160088725e-01 6.417903375278191103e-01 8.959771605470224776e-01 3.550821897296602692e-01
6.375698066030260902e-01 7.384207225383080386e-01 4.260056557242632436e-01 1.000000000000000000e+00 0.000000000000000000e+00 0.000000000000000000e+00 2.446054108098925928e-01 2.456274127910681171e-01 0.000000000000000000e+00 0.000000000000000000e+00 2.995136092119501381e-01 0.000000000000000000e+00
0.000000000000000000e+00 2.256363564768546770e-01 0.000000000000000000e+00 0.000000000000000000e+00 1.000000000000000000e+00 0.000000000000000000e+00 0.000000000000000000e+00 0.000000000000000000e+00 0.000000000000000000e+00 0.000000000000000000e+00 0.000000000000000000e+00 0.000000000000000000e+00
0.000000000000000000e+00 0.000000000000000000e+00 4.893181747355708766e-01 0.000000000000000000e+00 0.000000000000000000e+00 1.000000000000000000e+00 4.371964245461554821e-01 5.931756487198037719e-01 7.787255397157346604e-01 7.186849267067775271e-01 5.010508412807881395e-01 6.923122386238419468e-01
4.429341336845438737e-01 0.000000000000000000e+00 8.837915848009159081e-01 2.446054108098925928e-01 0.000000000000000000e+00 4.371964245461554821e-01 1.000000000000000000e+00 7.708625908310929864e-01 3.289833609315846452e-01 6.478728134281095397e-01 8.908347728597061366e-01 2.431981907252971364e-01
3.441186120803078619e-01 0.000000000000000000e+00 7.633504924491453236e-01 2.456274127910681171e-01 0.000000000000000000e+00 5.931756487198037719e-01 7.708625908310929864e-01 1.000000000000000000e+00 4.645995846846313060e-01 8.471288021441505389e-01 8.228290966650493310e-01 3.817084642155509355e-01
0.000000000000000000e+00 0.000000000000000000e+00 3.534701537160088725e-01 0.000000000000000000e+00 0.000000000000000000e+00 7.787255397157346604e-01 3.289833609315846452e-01 4.645995846846313060e-01 1.000000000000000000e+00 5.478758019113284528e-01 3.919280027702202185e-01 7.529923086994427806e-01
2.685897017633659956e-01 0.000000000000000000e+00 6.417903375278191103e-01 0.000000000000000000e+00 0.000000000000000000e+00 7.186849267067775271e-01 6.478728134281095397e-01 8.471288021441505389e-01 5.478758019113284528e-01 1.000000000000000000e+00 6.764562801574420803e-01 5.152942488459871795e-01
4.608100784331680133e-01 0.000000000000000000e+00 8.959771605470224776e-01 2.995136092119501381e-01 0.000000000000000000e+00 5.010508412807881395e-01 8.908347728597061366e-01 8.228290966650493310e-01 3.919280027702202185e-01 6.764562801574420803e-01 1.000000000000000000e+00 3.385158697706862063e-01
0.000000000000000000e+00 0.000000000000000000e+00 3.550821897296602692e-01 0.000000000000000000e+00 0.000000000000000000e+00 6.923122386238419468e-01 2.431981907252971364e-01 3.817084642155509355e-01 7.529923086994427806e-01 5.152942488459871795e-01 3.385158697706862063e-01 1.000000000000000000e+00
